3981 13/09/2022 09:45:22 IRP_MJ_WRITE DOWN  aa 01 29 00 00 00 00 00 00 00 00 00 00 00 00 00 00 00 00 d4  ?)................? 20 20 COM11  





4228 13/09/2022 09:49:03 IRP_MJ_WRITE DOWN  aa 01 23 00 00 00 00 00 00 00 00 00 00 00 00 00 00 00 00 ce  ?#................? 20 20 COM11 




4210 13/09/2022 09:49:03 IRP_MJ_WRITE DOWN  aa 01 20 01 00 00 00 00 00 00 00 00 00 00 00 00 00 00 00 cc  ? ................? 20 20 COM11  
 
 
 
4002 13/09/2022 09:48:01 IRP_MJ_DEVICE_CONTROL (IOCTL_SERIAL_GET_PROPERTIES) UP STATUS_SUCCESS 40 00 02 00 01 00 00 00 00 00 00 00 00 00 00 00 00 00 00 00 00 00 00 10 01 00 00 00 ff 00 00 00 7f 00 00 00 70 6b 06 10 0c 00 05 1f 00 00 00 00 00 10 00 00 00 00 00 00 00 00 00 00 00 00 00 00  @...........................ÿ......pk.......................... 64  COM11  


4210 13/09/2022 09:49:03 IRP_MJ_WRITE DOWN  aa 01 20 01 00 00 00 00 00 00 00 00 00 00 00 00 00 00 00 cc  ? ................? 20 20 COM11  
4225 13/09/2022 09:49:03 IRP_MJ_READ UP STATUS_SUCCESS aa 01 12 80 00 00 00 00 00 00 00 00 00 00 00 00 00 00 00 3d  ?.€...............= 20  COM11  



AA 01 2C 14 50 14 50 00 8A 07 EB 00 00 00 42 00 00 00 00 5D 00



AA 01 2C 14 50 14 50 00 8A 07 EB 00 00 00 42 00 00 00 00 5D

AA 01 2C 14 50 14 50 00 8A 03 E8 00 00 00 42 00 00 00 00 56    1.38 1A

aa 01 2c 14 50 14 50 00 c8 0c 80 00 00 00 42 00 00 00 00 35   2V, 3.200A

aa 01 2c 14 50 14 50 00 c8 08 34 00 00 00 42 00 00 00 00 e5   2v, 2.100A




1053 13/09/2022 15:08:17 IRP_MJ_WRITE DOWN  aa 01 2c 14 50 14 50 00 8b 07 eb 00 00 00 42 00 00 00 00 5e  ?,.P.P.??...B....^ 20 20 COM11  

AA 01 2C 14 50 14 50 01 27 07 EB 00 00 00 42 00 00 00 00 9B   2V


aa 01 2c 14 50 14 50 00 c8 07 eb 00 00 00 42 00 00 00 00 9b  2V



aa 01 23 00 00 00 00 00 00 00 00 00 00 00 00 00 00 00 00 ce

001011111011




aa 01 22 00 00 00 00 00 00 00 00 00 00 00 00 00 00 00 00 cd    power off


aa 01 22 01 00 00 00 00 00 00 00 00 00 00 00 00 00 00 00 ce    power on


AA 01 2C 14 50 14 50 00 8A 03 E8 00 00 00 42 00 00 00 00 56 00    1.38 1A

aa 01 2c 14 50 14 50 00 8a 03 e8 00 00 00 42 00 00 00 00 56









